[gd_scene load_steps=5 format=3 uid="uid://dit1arlayrn28"]

[ext_resource type="PackedScene" uid="uid://dn0bsmef0gvfq" path="res://01-Waypoints/assets/Character.tscn" id="1"]
[ext_resource type="Material" path="res://01-Waypoints/art/materials/grid.tres" id="2"]

[sub_resource type="PlaneMesh" id="1"]
material = ExtResource("2")
size = Vector2(100, 100)

[sub_resource type="Curve3D" id="2"]
_data = {
"points": PackedVector3Array(0, 0, 0, 0, 0, 0, -11.8576, 0, -5.18769, 0, 0, 0, 0, 0, 0, 8.43391, 0, -7.37967, 0, 0, 0, 0, 0, 0, 11.4192, 0, 3.58024, 0, 0, 0, 0, 0, 0, -11.4192, 0, 7.19179, 0, 0, 0, 0, 0, 0, -11.8576, 0, -5.18769),
"tilts": PackedFloat32Array(0, 0, 0, 0, 0)
}
point_count = 5

[node name="SceneRoot" type="Node3D"]

[node name="BASE" type="Node" parent="."]

[node name="Camera3D" type="Camera3D" parent="BASE"]
transform = Transform3D(0.866025, 0.353553, -0.353553, 0, 0.707107, 0.707107, 0.5, -0.612372, 0.612372, -5, 10, 8)
projection = 1
size = 22.0

[node name="DirectionalLight3D" type="DirectionalLight3D" parent="BASE"]
transform = Transform3D(-0.5, 0.296198, 0.813798, 0, -0.939693, 0.34202, 0.866025, 0.17101, 0.469846, 0, 5, 0)

[node name="Ground" type="MeshInstance3D" parent="BASE"]
mesh = SubResource("1")
skeleton = NodePath("../..")

[node name="Path3D" type="Path3D" parent="."]
curve = SubResource("2")

[node name="PathFollow3D" type="PathFollow3D" parent="Path3D"]
transform = Transform3D(0.1074, 0, -0.994213, 0, 1, 0, 0.994217, 0, 0.107399, -11.8576, 0, -5.18769)
rotation_mode = 4

[node name="Character" parent="Path3D/PathFollow3D" instance=ExtResource("1")]
