[gd_scene load_steps=7 format=3 uid="uid://cn4lttpxftr20"]

[ext_resource type="PackedScene" uid="uid://b0b6xh73y6bb8" path="res://29-FirstPersonController/art/models/cliff_stepsCorner_rock.glb" id="1_jli3h"]

[sub_resource type="BoxShape3D" id="BoxShape3D_fxtbp"]
size = Vector3(0.21875, 0.641836, 0.637)

[sub_resource type="BoxShape3D" id="BoxShape3D_xnyjg"]
size = Vector3(0.524292, 0.641836, 0.637)

[sub_resource type="BoxShape3D" id="BoxShape3D_8dfrp"]
size = Vector3(0.364, 0.642, 0.637)

[sub_resource type="BoxShape3D" id="BoxShape3D_h6h0h"]
size = Vector3(0.2, 1, 0.2)

[sub_resource type="BoxShape3D" id="BoxShape3D_n43j0"]
size = Vector3(1, 0.225703, 0.121095)

[node name="Steps-Corner" type="StaticBody3D"]

[node name="CollisionShape3D" type="CollisionShape3D" parent="."]
transform = Transform3D(1, 0, 0, 0, 0.707107, -0.707107, 0, 0.707107, 0.707107, -0.390625, 0.549456, 0.295227)
shape = SubResource("BoxShape3D_fxtbp")

[node name="CollisionShape3D4" type="CollisionShape3D" parent="."]
transform = Transform3D(1, 0, 0, 0, 0.707107, -0.707107, 0, 0.707107, 0.707107, -0.237854, 0.0963379, -0.157891)
shape = SubResource("BoxShape3D_xnyjg")

[node name="CollisionShape3D5" type="CollisionShape3D" parent="."]
transform = Transform3D(-4.37114e-08, -0.707107, -0.707107, 0, 0.707107, -0.707107, 1, -3.09086e-08, -3.09086e-08, 0.155306, 0.0963379, 0.253216)
shape = SubResource("BoxShape3D_xnyjg")

[node name="CollisionShape3D6" type="CollisionShape3D" parent="."]
transform = Transform3D(0.707107, -0.5, -0.5, 0, 0.707107, -0.707107, 0.707107, 0.5, 0.5, 0.0755864, 0.0963379, -0.0527862)
shape = SubResource("BoxShape3D_8dfrp")

[node name="CollisionShape3D3" type="CollisionShape3D" parent="."]
transform = Transform3D(-4.37114e-08, -0.707107, -0.707107, 0, 0.707107, -0.707107, 1, -3.09086e-08, -3.09086e-08, -0.299137, 0.549456, 0.406334)
shape = SubResource("BoxShape3D_fxtbp")

[node name="CollisionShape3D2" type="CollisionShape3D" parent="."]
transform = Transform3D(1, 0, 0, 0, 1, 0, 0, 0, 1, -0.4, 0.5, 0.4)
shape = SubResource("BoxShape3D_h6h0h")

[node name="cliff_stepsCorner_rock2" parent="." instance=ExtResource("1_jli3h")]
transform = Transform3D(1, 0, 0, 0, 1, 0, 0, 0, 1, 0, 0.05, 0)

[node name="CollisionShape3D7" type="CollisionShape3D" parent="."]
transform = Transform3D(1, 0, 0, 0, 0.595903, -0.803057, 0, 0.803057, 0.595903, 0, 0.0808231, -0.546407)
shape = SubResource("BoxShape3D_n43j0")

[node name="CollisionShape3D8" type="CollisionShape3D" parent="."]
transform = Transform3D(1, 0, 0, 0, 0.259089, -0.965854, 0, 0.965854, 0.259089, 0, -0.0080227, -0.730821)
shape = SubResource("BoxShape3D_n43j0")

[node name="CollisionShape3D9" type="CollisionShape3D" parent="."]
transform = Transform3D(-4.37114e-08, -0.803057, -0.595903, 0, 0.595903, -0.803057, 1, -3.51027e-08, -2.60477e-08, 0.507793, 0.0808231, 0.0164782)
shape = SubResource("BoxShape3D_n43j0")

[node name="CollisionShape3D10" type="CollisionShape3D" parent="."]
transform = Transform3D(-4.37114e-08, -0.965854, -0.259089, 0, 0.259089, -0.965854, 1, -4.22188e-08, -1.13251e-08, 0.692207, -0.0080227, 0.0164782)
shape = SubResource("BoxShape3D_n43j0")
